001000000
000001000
001010000
001011000
010011011
100001110
101010111
101010111
101010111
101010111
101010111
101010111
101010111
101010111
101010111
101010111
101010111
101010111
010110000
101010011
101010111
101010111
100001101
010110000
101010111
100001100
010110000
100001011
010110000
001011000
100011000
100011010
010110000
000000000
000100001
110000001
000001000
000001000
001011000
001110111
001110111
010001111
011011111
010011101
010111111
010010111
010001111
011011110
010011101
010111110
010010111
001011000
[0, 40]