000111110
000001000
000100001
000001000
001011000
010010011
001011000
011010111
010111010
011010110
010111001
011010101
010111000
010010111
001011000
011010100
010111111
011010011
010111110
011010010
010111101
011010001
010111100
010010011
011010111
010111011
011010110
010111010
011010101
010111001
011010100
010111000
001011000
010010011
100010000
010010101
100010000
010111000
001010000
011110001
011110011
011110101
011110111
001110011
100010000
001010000
011110001
011110011
011110101
011110111
001110011
100010000
010111001
001010000
110011101
101100100
011110000
110011101
101100100
101010101
110011101
101100100
101010101
110011101
101100100
101010101
110011101
101100100
[0, 1, 36]